68258.0
68227.1
68076.1
68176.9
68210.7
68146.4
68107.0
68239.4
68283.3
68225.0
68214.6
68099.8
68082.1
68074.8
68106.1
68178.9
68182.7
68186.6
68170.8
68229.4
68224.2
68327.3
68215.0
68280.7
68347.5
68375.0
68374.9
68375.0
68225.1
68230.0
68163.6
68191.5
68166.1
68136.3
68183.3
68269.1
68221.7
68189.5
68198.9
68230.6
68391.4
68383.1
68357.0
68440.0
68388.0
68388.6
68422.9
68421.1
68402.5
68412.9
68412.9
68383.0
68248.1
68271.5
68420.0
68634.2
68615.1
68457.3
68574.0
68550.0
68540.1
68525.1
68546.2
68630.1
68586.0
68522.1
68494.1
68599.8
68758.4
68693.8
68734.9
69089.9
69160.1
69084.4
69010.5
69350.0
69127.9
69339.0
69184.2
69096.9
68754.6
68814.0
68868.2
68772.1
69011.8
69107.0
69017.5
69038.3
68673.9
68656.0
68479.7
68500.1
68280.1
68281.7
68293.2
68353.4
68250.0
68330.5
68190.6
68254.6
68137.4
67848.0
67278.5
67404.3
67266.4
66923.2
67313.9
66950.1
67279.2
67478.6
67500.0
67074.8
67292.6
67583.4
67730.0
67619.9
67700.0
67849.2
67794.8
67747.4
67754.9
67500.1
67385.1
66971.5
67107.4
67444.1
67472.0
67528.3
67284.9
67362.0
67350.9
67431.0
67431.0
67518.3
67527.4
67724.7
67575.7
67592.4
67343.5
67024.5
66900.1
66815.0
66887.2
67044.7
67150.1
67402.2
67260.6
67105.0
66984.5
67068.2
66938.6
67067.9
67525.8
67149.0
67266.1
66950.8
66950.1
67310.9
67270.1
67440.8
67347.5
67539.7
67485.4
67390.7
67498.1
67380.8
67489.8
67622.8
67736.0
67529.2
67387.6
67207.7
67121.7
67285.0
67286.3
67053.6
67067.7
66884.8
66999.0
67039.5
67148.1
67078.2
67038.2
67228.4
66913.0
66897.3
66793.3
66793.6
66437.3
66311.0
66468.5
66553.5
66400.2
66491.7
66320.0
66172.8
66341.0
66471.7
66736.8
66696.9
66430.7
66075.8
66163.1
65851.8
65796.0
65854.2
65631.6
65550.1
65975.0
66152.5
66337.8
66341.1
66587.2
66460.8
66354.4
66298.1
66416.0
66616.2
66633.4
66472.8
67349.9
67194.1
67171.1
67316.3
67376.1
67339.9
67160.1
67219.2
67337.9
67324.9
67304.4
67350.0
67049.8
67135.1
67054.5
67055.8
66786.0
66883.8
66812.6
66957.6
66900.0
67029.6
67207.1
67270.0
67453.1
67540.1
67852.1
67502.0
67706.4
67680.1
67680.0
67560.0
67549.8
67546.0
67591.7
67822.1
67765.7
68058.9
68248.6
68110.7
68139.5
68511.0
68296.5
68346.1
68143.4
68063.9
68170.1
68108.6
67941.8
67952.5
67893.8
67920.9
68035.1
68135.0
67978.4
67680.1
67700.1
67710.0
67702.8
67700.1
67578.9
67240.3
67439.2
67556.7
67602.0
67561.3
67759.5
67754.9
67807.2
67955.0
68082.0
68020.3
68027.4
67979.8
68293.3
68649.7
68312.9
68263.3
67701.0
67618.1
67647.6
67411.0
66837.2
67331.9
66941.0
66743.5
66732.3
66749.4
66756.0
67048.0
67172.7
67111.9
66567.2
65772.2
66606.8
66649.9
66659.2
66651.5
66597.2
66627.0
66750.0
66823.7
66823.8
66855.5
66840.2
67026.2
67044.1
67029.3
67075.1
66984.0
66958.4
67012.1
67067.8
67127.5
66991.5
67062.1
66987.9
66990.0
67050.0
66972.1
66934.2
66978.1
66840.7
66733.2
66701.0
66843.8
66788.3
66859.6
66879.7
66952.0
66974.2
67040.1
66994.6
67026.1
67074.0
67257.0
67159.9
67107.0
67107.6
67065.6
67065.7
67050.9
67026.0
66997.9
66947.8
66856.1
66981.0
67001.9
66990.1
67038.1
67156.0
67141.0
67059.8
67084.9
67084.4
67048.4
67064.7
67093.9
67111.9
67128.7
67128.0
67078.4
67067.9
67067.9
67020.0
67055.1
67055.0
67270.0
67303.1
67581.1
67535.9
67602.0
67598.8
67625.9
67710.0
67632.8
67697.9
67688.1
67668.1
67605.1
67489.1
67694.6
67726.1
67784.5
67715.1
67828.2
67855.5
68157.8
68044.0
68020.3
67941.2
67966.1
67786.5
67705.4
67700.0
67743.0
67710.0
67848.1
67640.4
67600.0
67670.6
67629.8
67821.6
67732.2
67821.0
68538.0
68347.5
68361.0
68244.0
68209.8
68470.7
68635.3
68545.7
68632.0
68665.4
68825.0
68820.9
68907.0
68763.0
68800.0
68800.1
68478.1
68433.0
68776.3
68659.4
68869.1
68922.3
68886.0
69201.6
69784.3
69607.9
69450.1
69568.1
69556.9
69706.3
69867.8
69849.9
69750.1
69911.9
69798.3
69902.1
69830.8
70211.1
71290.6
71099.9
71147.1
70868.8
71026.7
70962.8
70849.7
71000.0
71037.4
71181.0
70999.1
70910.0
70987.0
71098.0
71277.6
71210.2
71096.0
71133.5
71238.8
71408.0
71154.7
71071.7
71152.1
71770.8
71524.6
71849.7
71894.0
72361.9
72644.0
72686.8
72920.1
72701.5
72880.3
73156.9
72868.9
72489.9
71958.4
72310.1
72387.1
72230.0
72338.5
72635.9
72590.0
72661.0
72362.3
72143.5
72009.0
72250.0
72288.0
72196.8
72155.1
72133.7
72269.6
72217.7
72387.6
72413.0
72341.0
72268.0
72300.1
72190.8
72421.3
72244.6
72440.0
72510.1
72446.0
72326.4
72156.1
71895.0
71966.7
71832.2
71727.0
71947.9
72150.1
72407.5
71923.7
72046.2
71978.0
72114.7
71858.8
71869.0
71980.0
71954.2
71841.0
71841.3
72226.5
72800.8
72290.1
72370.1
72496.3
72342.3
72592.3
72331.1
72268.3
72132.0
72273.1
72342.4
72256.4
72483.9
72378.2
72313.3
72270.1
72223.1
72280.9
72266.2
72266.2
72194.0
72335.0
72393.0
72197.0
72215.7
72310.0
72271.9
72247.0
72606.8
72289.3
72206.3
72110.9
72082.1
71950.0
71254.6
70995.0
70665.7
70879.9
70549.4
70499.8
70350.4
70588.1
70729.4
70303.5
70561.7
70326.8
69958.6
70101.3
69954.2
70215.4
70357.0
70199.9
70372.7
70510.8
70250.1
70332.9
70077.8
69958.1
69316.6
69290.7
69471.1
69589.3
69294.8
69395.4
69520.2
69519.5
69541.2
69250.5
69186.7
69211.1
69200.4
69398.2
69291.3
69354.1
69472.6
69890.0
69920.0
70105.1
69945.0
70061.7
70300.0
70134.0
71114.1
71474.9
71245.3
70821.0
69355.6
70193.6
69912.0
70022.0
69582.3
69463.9
69117.7
68997.1
69266.6
69336.3
69187.2
68934.1
69202.0
69210.9
69391.5
69523.3
69490.1
69617.3
69636.5
69553.3
69600.0
69858.8
69635.6
69700.0
69574.5
69502.1
69540.0
69549.3
69655.1
69609.2
69699.9
69665.7
69775.5
69620.9
69644.0
69616.4
69506.6
69435.4
69599.9
69599.9
69600.0
69552.0
69418.7
69678.5
69349.8
69121.0
69226.9
69338.3
69401.5
69446.5
69567.3
69432.7
69390.0
69273.1
69409.1
69434.5
69519.4
69493.1
69550.1
69493.1
69463.9
69467.3
69436.3
69159.2
69300.0
69290.5
69201.9
69130.1
69000.1
68166.8
68179.9
68262.5
68393.9
68522.2
68569.0
68514.0
68436.1
68443.7
68545.5
68471.1
68376.1
68377.5
68500.1
68407.9
68208.0
68422.0